StationID,StationNO,name,available,empty
1,0019,生態園區站,3,24
2,0022,巨蛋站,2,25
3,0018,凹仔底站,3,29
4,0017,後驛站,12,19
5,0016,後火車站,16,15
6,0003,美麗島站,17,14
7,0009,中央公園站,8,23
8,0021,三多站,17,13
9,0028,新光中山站,13,19
10,0010,獅甲站,24,6
12,0026,凱旋站,14,18
13,0006,西子灣站,11,21
14,0043,鹽埕埔站,14,14
15,0008,市議會(舊址)站,13,19
16,0015,新興區公所站,5,19
17,0038,文化中正站,4,20
18,0029,五塊厝站,11,20
19,0027,技擊館站,13,19
96,0013,衛武營站,3,28
99,0052,大東文化藝術中心站-01,13,19
100,0051,大東文化藝術中心站-02,21,2
102,0053,捷運鳳山站,8,24
104,0056,捷運鳳山西站,14,17
107,0059,捷運小港站,25,7
123,0075,捷運青埔站,16,16
124,0077,捷運南岡山站,18,14
117,0069,捷運世運主場館站,11,21
119,0071,捷運楠梓加工出口區站,3,29
121,0073,捷運都會公園站,5,27
135,0088,高雄國際機場站,12,20
141,0094,草衙站,0,32
145,0098,福誠高中站,26,5
150,0103,南華市場站,11,4
151,0104,郵政總局站,11,5
139,0092,高鐵左營站,14,17
158,0111,巨蛋站(2),0,12
159,0112,後驛站(2),1,15
161,0114,中央公園站(2),7,5
163,0116,三多站(2),10,2
165,0118,文化中正站(2),4,8
243,0123,前鎮高中站,9,23
262,0139,台鐵新左營站,0,14
343,0177,捷運鳳山國中站,4,8
260,0137,捷運大寮站,17,15
261,0138,輔英科技大學站,1,31
344,0178,新甲國小站,7,9
346,0180,三信家商站,0,16
347,0181,大同醫院站,1,15
348,0182,公二公園站,5,11
349,0183,後備指揮部站,8,8
350,0184,三民高中站,5,11
351,0185,家樂福鼎山站,1,15
352,0186,新光國小站,7,9
353,0187,新莊高中站,2,14
354,0188,海青工商站,0,16
355,0189,合群新城和區站,8,8
356,0190,富國公園站,11,5
357,0191,鼓山高中站,16,0
358,0192,仁武區運動公園站,13,3
359,0193,旗津醫院站,3,13
360,0194,興達港站(2),10,6
361,0195,明德國小站,8,8
263,0140,扶輪公園站,4,20
264,0141,高雄榮總站,9,23
266,0143,岡山河堤公園站,11,21
267,0144,岡山稽徵所站,18,10
268,0145,岡山忠孝里站,12,20
269,0146,岡山文化中心站,16,8
270,0147,原民會站,16,8
271,0148,消防局站,12,20
272,0149,前鎮加工區站(1),10,6
273,0150,前鎮加工區站(2),6,10
275,0152,福裕停車場站,4,19
276,0153,文化中心站,1,30
277,0154,正義市場站,9,7
278,0155,高雄高商站,7,19
280,0156,高雄監理所站,13,19
281,0157,楠梓翠屏站,21,11
282,0158,鳳新高中站(2),6,25
316,0159,森林公園站(2),8,24
317,0160,高雄真愛館站,9,7
319,0163,興達港站,11,5
321,0161,小港醫院站,8,24
322,0162,自由市場站,21,7
323,0164,文山高中站,4,12
324,0165,市府鳳山行政中心站(2),6,26
325,0166,澄清湖站(3),9,7
326,0167,澄清湖站(4),4,12
327,0168,澄清湖站(5),5,11
335,0134,大寮區公所站,2,14
336,0170,長青綜合服務中心站,8,8
337,0171,翠平公園站,12,4
338,0172,中鋼成功站,6,10
339,0173,聖和公園站,10,6
340,0174,圖書總館站,7,9
341,0175,中山公園站,7,9
342,0176,高雄監理所(武營)站,12,4
244,0124,美術館馬卡道站,11,21
245,0125,福山廣場站,17,14
249,0126,阿公店水庫站,3,13
251,0127,澄清湖站(2),22,10
252,0128,寶業里滯洪池站,12,18
253,0129,陽明溜冰場站,9,7
254,0130,義民廟站,10,6
255,0131,鼎泰廣場站,29,1
256,0132,平和停車場站,19,13
257,0133,小港區公所站,25,7
258,0135,和春技術學院站(1),3,25
259,0136,和春技術學院站(2),19,13
166,0119,文化師大站(2),0,12
167,0120,光華公園站(2),0,12
168,0121,海科大旗津站(2),1,15
241,0122,鳳新高中站,0,32
164,0117,市府四維站(2),0,12
162,0115,高雄女中站(2),1,11
160,0113,高雄醫學大學站(2),1,11
140,0093,孔廟站,21,11
152,0105,民族八德站,9,22
153,0106,高雄大學站,8,22
154,0107,中山高中站,15,17
155,0108,龍華國小站,16,16
156,0109,海科大旗津站(1),1,15
146,0099,道明中學站,4,24
147,0100,英明公園站,5,27
148,0101,四維公園站,15,0
149,0102,正修大學站,7,25
142,0095,佛公國小站,16,16
143,0096,海洋局站,12,20
144,0097,二聖公園站,6,26
137,0090,左營高中站,0,31
138,0091,蓮潭會館站,6,22
122,0074,高雄第一科技大學站,7,25
120,0072,加昌國小站,12,20
118,0070,世運主場館站,18,14
125,0078,岡山區公所站,9,11
126,0079,西子樓站,6,26
127,0080,龍虎塔站,8,23
128,0081,右昌圖書館站,7,17
129,0082,中鋼台船站,6,26
130,0083,金獅湖站,3,29
131,0084,文藻外語大學站,11,19
132,0085,莊敬公園站,10,22
133,0086,高雄高工站,7,24
134,0087,鼎金國小站,0,31
108,0060,餐旅高中站,7,21
109,0061,社教館站,6,18
110,0062,班超公園站,4,20
111,0063,高雄中學站,17,9
112,0064,博愛國小站,10,17
113,0065,客家文物館站,9,15
114,0066,明堤公園站,23,5
115,0067,微笑公園站,2,29
116,0068,左營國小站,8,24
105,0057,市府鳳山行政中心站,10,22
106,0058,澄清湖站,16,16
103,0054,鳳凌廣場站,5,19
101,0055,市議會(新址)站,8,24
97,0034,高雄醫學大學站,7,21
98,0050,美術館藝片天站,12,19
20,0001,蓮池潭站,9,23
21,0037,裕誠辛亥站,18,14
22,0031,明誠光興站,8,23
23,0048,華榮公園站,18,13
24,0049,森林公園站,19,12
25,0002,鳳山火車站,4,23
26,0033,愛河之心站,23,5
27,0047,科工館站,13,19
28,0046,中山大學站,5,26
29,0005,漁人碼頭站,13,19
30,0007,高雄電影館站,4,28
32,0032,家樂福愛河站,9,18
33,0030,市警局站,4,28
34,0042,國賓飯店站,8,20
35,0045,高雄女中站,0,32
36,0025,七賢忠孝站(暫停營運),4,28
37,0023,民生圓環站,20,11
38,0024,民生民權站,9,23
39,0011,市府四維站,0,32
40,0012,文化師大站,2,30
42,0035,新光成功站,17,15
43,0041,民權公園站,4,28
44,0040,光華公園站,1,31
45,0044,家樂福成功站,22,9
46,0036,夢時代站,8,24
