StationID,StationNO,name,available,empty
1,0019,生態園區站,0,27
2,0022,巨蛋站,6,25
3,0018,凹仔底站,19,13
4,0017,後驛站,7,23
5,0016,後火車站,0,32
6,0003,美麗島站,24,8
7,0009,中央公園站,14,17
8,0021,三多站,23,7
9,0028,新光中山站,5,27
10,0010,獅甲站,6,25
12,0026,凱旋站,18,14
13,0006,西子灣站,17,15
14,0043,鹽埕埔站,3,25
15,0008,市議會(舊址)站,14,18
16,0015,新興區公所站,9,14
17,0038,文化中正站,5,19
18,0029,五塊厝站,18,12
19,0027,技擊館站,8,24
96,0013,衛武營站,0,32
99,0052,大東文化藝術中心站-01,10,22
100,0051,大東文化藝術中心站-02,8,16
102,0053,捷運鳳山站,3,29
104,0056,捷運鳳山西站,10,22
107,0059,捷運小港站,19,13
123,0075,捷運青埔站,19,13
124,0077,捷運南岡山站,15,16
117,0069,捷運世運主場館站,12,20
119,0071,捷運楠梓加工出口區站,0,32
121,0073,捷運都會公園站,14,18
135,0088,高雄國際機場站,11,21
141,0094,草衙站,12,20
145,0098,福誠高中站,21,11
150,0103,南華市場站,12,4
151,0104,郵政總局站,6,10
139,0092,高鐵左營站,7,25
158,0111,巨蛋站(2),1,11
159,0112,後驛站(2),0,16
161,0114,中央公園站(2),4,8
163,0116,三多站(2),11,1
165,0118,文化中正站(2),4,8
243,0123,前鎮高中站,14,18
262,0139,台鐵新左營站,14,2
343,0177,捷運鳳山國中站,9,3
260,0137,捷運大寮站,6,26
261,0138,輔英科技大學站,11,21
344,0178,新甲國小站,14,2
346,0180,三信家商站,7,9
347,0181,大同醫院站,1,15
348,0182,公二公園站,3,13
349,0183,後備指揮部站,9,7
350,0184,三民高中站,5,11
351,0185,家樂福鼎山站,7,9
352,0186,新光國小站,10,6
353,0187,新莊高中站,14,2
354,0188,海青工商站,7,9
355,0189,合群新城和區站,12,4
356,0190,富國公園站,8,8
357,0191,鼓山高中站,7,9
358,0192,仁武區運動公園站,10,6
359,0193,旗津醫院站,7,9
360,0194,興達港站(2),12,4
361,0195,明德國小站,12,4
263,0140,扶輪公園站,6,18
264,0141,高雄榮總站,7,25
266,0143,岡山河堤公園站,21,11
267,0144,岡山稽徵所站,11,17
268,0145,岡山忠孝里站,12,20
269,0146,岡山文化中心站,11,13
270,0147,原民會站,15,9
271,0148,消防局站,6,26
272,0149,前鎮加工區站(1),13,3
273,0150,前鎮加工區站(2),9,7
275,0152,福裕停車場站,7,17
276,0153,文化中心站,7,23
277,0154,正義市場站,9,7
278,0155,高雄高商站,11,17
280,0156,高雄監理所站,16,16
281,0157,楠梓翠屏站,11,21
282,0158,鳳新高中站(2),16,16
316,0159,森林公園站(2),9,23
317,0160,高雄真愛館站,9,7
319,0163,興達港站,9,7
321,0161,小港醫院站,4,28
322,0162,自由市場站,19,9
323,0164,文山高中站,3,13
324,0165,市府鳳山行政中心站(2),0,32
325,0166,澄清湖站(3),12,4
326,0167,澄清湖站(4),5,11
327,0168,澄清湖站(5),8,8
335,0134,大寮區公所站,6,10
336,0170,長青綜合服務中心站,6,10
337,0171,翠平公園站,12,4
338,0172,中鋼成功站,6,10
339,0173,聖和公園站,5,11
340,0174,圖書總館站,1,15
341,0175,中山公園站,8,8
342,0176,高雄監理所(武營)站,12,4
244,0124,美術館馬卡道站,18,14
245,0125,福山廣場站,12,19
249,0126,阿公店水庫站,7,9
251,0127,澄清湖站(2),12,20
252,0128,寶業里滯洪池站,19,13
253,0129,陽明溜冰場站,8,8
254,0130,義民廟站,6,10
255,0131,鼎泰廣場站,21,11
256,0132,平和停車場站,17,15
257,0133,小港區公所站,12,20
258,0135,和春技術學院站(1),11,17
259,0136,和春技術學院站(2),16,16
166,0119,文化師大站(2),9,3
167,0120,光華公園站(2),9,3
168,0121,海科大旗津站(2),0,16
241,0122,鳳新高中站,8,24
164,0117,市府四維站(2),7,5
162,0115,高雄女中站(2),2,10
160,0113,高雄醫學大學站(2),2,10
140,0093,孔廟站,16,16
152,0105,民族八德站,13,19
153,0106,高雄大學站,12,20
154,0107,中山高中站,13,19
155,0108,龍華國小站,9,23
156,0109,海科大旗津站(1),0,16
146,0099,道明中學站,5,23
147,0100,英明公園站,28,4
148,0101,四維公園站,4,12
149,0102,正修大學站,18,14
142,0095,佛公國小站,11,21
143,0096,海洋局站,7,25
144,0097,二聖公園站,1,30
137,0090,左營高中站,4,28
138,0091,蓮潭會館站,15,13
122,0074,高雄第一科技大學站,9,23
120,0072,加昌國小站,11,21
118,0070,世運主場館站,20,12
125,0078,岡山區公所站,12,8
126,0079,西子樓站,16,16
127,0080,龍虎塔站,10,22
128,0081,右昌圖書館站,13,11
129,0082,中鋼台船站,5,27
130,0083,金獅湖站,20,12
131,0084,文藻外語大學站,10,20
132,0085,莊敬公園站,18,13
133,0086,高雄高工站,3,29
134,0087,鼎金國小站,20,12
108,0060,餐旅高中站,10,18
109,0061,社教館站,1,23
110,0062,班超公園站,3,21
111,0063,高雄中學站,11,17
112,0064,博愛國小站,0,27
113,0065,客家文物館站,7,17
114,0066,明堤公園站,25,2
115,0067,微笑公園站,2,30
116,0068,左營國小站,4,28
105,0057,市府鳳山行政中心站,0,32
106,0058,澄清湖站,12,20
103,0054,鳳凌廣場站,8,16
101,0055,市議會(新址)站,7,25
97,0034,高雄醫學大學站,0,27
98,0050,美術館藝片天站,17,14
20,0001,蓮池潭站,22,10
21,0037,裕誠辛亥站,24,8
22,0031,明誠光興站,19,13
23,0048,華榮公園站,18,14
24,0049,森林公園站,19,12
25,0002,鳳山火車站,12,15
26,0033,愛河之心站,1,27
27,0047,科工館站,29,3
28,0046,中山大學站,2,30
29,0005,漁人碼頭站,3,29
30,0007,高雄電影館站,7,23
32,0032,家樂福愛河站,9,19
33,0030,市警局站,7,25
34,0042,國賓飯店站,9,18
35,0045,高雄女中站,1,31
36,0025,七賢忠孝站(暫停營運),4,28
37,0023,民生圓環站,9,23
38,0024,民生民權站,17,15
39,0011,市府四維站,1,31
40,0012,文化師大站,10,20
42,0035,新光成功站,1,31
43,0041,民權公園站,26,6
44,0040,光華公園站,6,26
45,0044,家樂福成功站,18,14
46,0036,夢時代站,12,20
