StationID,StationNO,name,available,empty
1,0019,生態園區站,19,8
2,0022,巨蛋站,4,27
3,0018,凹仔底站,2,30
4,0017,後驛站,18,14
5,0016,後火車站,15,16
6,0003,美麗島站,17,14
7,0009,中央公園站,23,6
8,0021,三多站,4,27
9,0028,新光中山站,7,22
10,0010,獅甲站,7,23
12,0026,凱旋站,5,27
13,0006,西子灣站,3,29
14,0043,鹽埕埔站,1,27
15,0008,市議會(舊址)站,3,29
16,0015,新興區公所站,11,13
17,0038,文化中正站,24,0
18,0029,五塊厝站,18,14
19,0027,技擊館站,20,12
96,0013,衛武營站,18,13
99,0052,大東文化藝術中心站-01,7,25
100,0051,大東文化藝術中心站-02,9,15
102,0053,捷運鳳山站,5,27
104,0056,捷運鳳山西站,0,32
107,0059,捷運小港站,3,29
123,0075,捷運青埔站,10,22
124,0077,捷運南岡山站,19,12
117,0069,捷運世運主場館站,8,24
119,0071,捷運楠梓加工出口區站,21,9
121,0073,捷運都會公園站,13,16
135,0088,高雄國際機場站,7,25
141,0094,草衙站,4,28
145,0098,福誠高中站,8,24
150,0103,南華市場站,3,12
151,0104,郵政總局站,16,0
139,0092,高鐵左營站,12,19
158,0111,巨蛋站(2),6,6
159,0112,後驛站(2),4,12
161,0114,中央公園站(2),4,8
163,0116,三多站(2),0,12
165,0118,文化中正站(2),5,7
243,0123,前鎮高中站,16,16
262,0139,台鐵新左營站,8,8
343,0177,捷運鳳山國中站,2,10
260,0137,捷運大寮站,20,12
261,0138,輔英科技大學站,10,22
344,0178,新甲國小站,5,11
346,0180,三信家商站,4,12
347,0181,大同醫院站,2,14
348,0182,公二公園站,3,13
349,0183,後備指揮部站,9,7
350,0184,三民高中站,1,15
351,0185,家樂福鼎山站,13,3
352,0186,新光國小站,1,15
353,0187,新莊高中站,2,14
354,0188,海青工商站,13,3
355,0189,合群新城和區站,8,8
356,0190,富國公園站,0,16
357,0191,鼓山高中站,16,0
358,0192,仁武區運動公園站,10,6
359,0193,旗津醫院站,0,16
360,0194,興達港站(2),8,8
361,0195,明德國小站,7,9
263,0140,扶輪公園站,3,21
264,0141,高雄榮總站,2,30
266,0143,岡山河堤公園站,18,14
267,0144,岡山稽徵所站,8,20
268,0145,岡山忠孝里站,12,20
269,0146,岡山文化中心站,12,12
270,0147,原民會站,13,11
271,0148,消防局站,11,21
272,0149,前鎮加工區站(1),14,2
273,0150,前鎮加工區站(2),11,5
275,0152,福裕停車場站,1,23
276,0153,文化中心站,24,7
277,0154,正義市場站,3,13
278,0155,高雄高商站,4,24
280,0156,高雄監理所站,11,21
281,0157,楠梓翠屏站,4,28
282,0158,鳳新高中站(2),2,30
316,0159,森林公園站(2),18,14
317,0160,高雄真愛館站,5,11
319,0163,興達港站,11,5
321,0161,小港醫院站,23,9
322,0162,自由市場站,2,26
323,0164,文山高中站,12,4
324,0165,市府鳳山行政中心站(2),8,24
325,0166,澄清湖站(3),5,10
326,0167,澄清湖站(4),1,14
327,0168,澄清湖站(5),9,7
335,0134,大寮區公所站,0,16
336,0170,長青綜合服務中心站,3,13
337,0171,翠平公園站,7,9
338,0172,中鋼成功站,10,6
339,0173,聖和公園站,3,13
340,0174,圖書總館站,6,10
341,0175,中山公園站,6,10
342,0176,高雄監理所(武營)站,9,7
244,0124,美術館馬卡道站,8,24
245,0125,福山廣場站,8,24
249,0126,阿公店水庫站,0,16
251,0127,澄清湖站(2),13,19
252,0128,寶業里滯洪池站,8,24
253,0129,陽明溜冰場站,7,9
254,0130,義民廟站,6,10
255,0131,鼎泰廣場站,1,30
256,0132,平和停車場站,7,25
257,0133,小港區公所站,10,22
258,0135,和春技術學院站(1),22,6
259,0136,和春技術學院站(2),14,18
166,0119,文化師大站(2),10,2
167,0120,光華公園站(2),3,9
168,0121,海科大旗津站(2),4,11
241,0122,鳳新高中站,5,27
164,0117,市府四維站(2),6,6
162,0115,高雄女中站(2),3,9
160,0113,高雄醫學大學站(2),1,11
140,0093,孔廟站,3,27
152,0105,民族八德站,14,18
153,0106,高雄大學站,14,18
154,0107,中山高中站,6,26
155,0108,龍華國小站,4,28
156,0109,海科大旗津站(1),5,9
146,0099,道明中學站,26,2
147,0100,英明公園站,8,24
148,0101,四維公園站,13,3
149,0102,正修大學站,0,31
142,0095,佛公國小站,6,26
143,0096,海洋局站,9,23
144,0097,二聖公園站,5,27
137,0090,左營高中站,16,16
138,0091,蓮潭會館站,5,22
122,0074,高雄第一科技大學站,10,22
120,0072,加昌國小站,2,30
118,0070,世運主場館站,13,19
125,0078,岡山區公所站,6,14
126,0079,西子樓站,15,17
127,0080,龍虎塔站,16,16
128,0081,右昌圖書館站,16,8
129,0082,中鋼台船站,9,23
130,0083,金獅湖站,15,17
131,0084,文藻外語大學站,7,23
132,0085,莊敬公園站,24,8
133,0086,高雄高工站,2,30
134,0087,鼎金國小站,15,17
108,0060,餐旅高中站,11,17
109,0061,社教館站,19,5
110,0062,班超公園站,10,14
111,0063,高雄中學站,12,16
112,0064,博愛國小站,14,14
113,0065,客家文物館站,9,15
114,0066,明堤公園站,9,19
115,0067,微笑公園站,11,21
116,0068,左營國小站,6,26
105,0057,市府鳳山行政中心站,11,21
106,0058,澄清湖站,0,32
103,0054,鳳凌廣場站,15,9
101,0055,市議會(新址)站,11,21
97,0034,高雄醫學大學站,5,23
98,0050,美術館藝片天站,3,29
20,0001,蓮池潭站,10,22
21,0037,裕誠辛亥站,11,21
22,0031,明誠光興站,8,24
23,0048,華榮公園站,8,23
24,0049,森林公園站,14,18
25,0002,鳳山火車站,10,18
26,0033,愛河之心站,22,5
27,0047,科工館站,7,25
28,0046,中山大學站,5,27
29,0005,漁人碼頭站,0,32
30,0007,高雄電影館站,0,32
32,0032,家樂福愛河站,11,17
33,0030,市警局站,5,27
34,0042,國賓飯店站,11,17
35,0045,高雄女中站,4,28
36,0025,七賢忠孝站(暫停營運),4,28
37,0023,民生圓環站,22,10
38,0024,民生民權站,2,30
39,0011,市府四維站,14,18
40,0012,文化師大站,16,16
42,0035,新光成功站,12,20
43,0041,民權公園站,11,21
44,0040,光華公園站,15,17
45,0044,家樂福成功站,11,18
46,0036,夢時代站,24,8
